Code	Exams	Prob	Time	Seed.Gen	Seed.Code
code1	30	20	0.007000	1101	1101
code1	30	20	0.001000	1102	1102
code1	30	20	0.000000	1103	1103
code1	30	20	0.000000	1104	1104
code1	30	20	0.001000	1105	1105
code1	30	20	0.001000	1106	1106
code1	30	20	0.002000	1107	1107
code1	30	20	0.001000	1108	1108
code1	30	20	0.002000	1109	1109
code1	30	20	0.000000	1110	1110
code1	30	20	0.008000	1111	1111
code1	30	20	0.000000	1112	1112
code1	30	20	0.016000	1113	1113
code1	30	20	0.002000	1114	1114
code1	30	20	0.000000	1115	1115
code1	30	20	0.004000	1116	1116
code1	30	20	0.007000	1117	1117
code1	30	20	0.002000	1118	1118
code1	30	20	0.000000	1119	1119
code1	30	20	0.009000	1120	1120
code1	30	20	0.004000	1121	1121
code1	30	20	0.000000	1122	1122
code1	30	20	0.000000	1123	1123
code1	30	20	0.427000	1124	1124
code1	30	20	0.000000	1125	1125
code1	30	20	0.002000	1126	1126
code1	30	20	0.000000	1127	1127
code1	30	20	0.002000	1128	1128
code1	30	20	0.000000	1129	1129
code1	30	20	0.000000	1130	1130
code1	30	30	0.000000	1201	1201
code1	30	30	0.007000	1202	1202
code1	30	30	0.009000	1203	1203
code1	30	30	0.255000	1204	1204
code1	30	30	0.011000	1205	1205
code1	30	30	0.004000	1206	1206
code1	30	30	0.030000	1207	1207
code1	30	30	0.015000	1208	1208
code1	30	30	0.007000	1209	1209
code1	30	30	0.002000	1210	1210
code1	30	30	0.004000	1211	1211
code1	30	30	0.012000	1212	1212
code1	30	30	0.003000	1213	1213
code1	30	30	0.055000	1214	1214
code1	30	30	0.012000	1215	1215
code1	30	30	0.031000	1216	1216
code1	30	30	0.003000	1217	1217
code1	30	30	0.040000	1218	1218
code1	30	30	0.009000	1219	1219
code1	30	30	0.023000	1220	1220
code1	30	30	0.001000	1221	1221
code1	30	30	2.837000	1222	1222
code1	30	30	0.022000	1223	1223
code1	30	30	0.410000	1224	1224
code1	30	30	0.005000	1225	1225
code1	30	30	0.005000	1226	1226
code1	30	30	0.005000	1227	1227
code1	30	30	0.085000	1228	1228
code1	30	30	4.440000	1229	1229
code1	30	30	0.011000	1230	1230
code1	30	40	0.228000	1301	1301
code1	30	40	3.766000	1302	1302
code1	30	40	20.635000	1303	1303
code1	30	40	0.353000	1304	1304
code1	30	40	0.044000	1305	1305
code1	30	40	0.016000	1306	1306
code1	30	40	26.204000	1307	1307
code1	30	40	0.306000	1308	1308
code1	30	40	7.886000	1309	1309
code1	30	40	1.042000	1310	1310
code1	30	40	0.035000	1311	1311
code1	30	40	0.217000	1312	1312
code1	30	40	0.094000	1313	1313
code1	30	40	0.100000	1314	1314
code1	30	40	13.017000	1315	1315
code1	30	40	0.036000	1316	1316
code1	30	40	0.009000	1317	1317
code1	30	40	91.303000	1318	1318
code1	30	40	0.340000	1319	1319
code1	30	40	0.080000	1320	1320
code1	30	40	1.141000	1321	1321
code1	30	40	0.355000	1322	1322
code1	30	40	0.034000	1323	1323
code1	30	40	0.413000	1324	1324
code1	30	40	0.276000	1325	1325
code1	30	40	0.017000	1326	1326
code1	30	40	24.512000	1327	1327
code1	30	40	0.130000	1328	1328
code1	30	40	0.158000	1329	1329
code1	30	40	0.076000	1330	1330
code1	35	20	0.711000	1401	1401
code1	35	20	1.923000	1402	1402
code1	35	20	0.013000	1403	1403
code1	35	20	0.053000	1404	1404
code1	35	20	0.031000	1405	1405
code1	35	20	0.001000	1406	1406
code1	35	20	0.003000	1407	1407
code1	35	20	0.012000	1408	1408
code1	35	20	0.001000	1409	1409
code1	35	20	0.007000	1410	1410
code1	35	20	0.230000	1411	1411
code1	35	20	0.001000	1412	1412
code1	35	20	0.014000	1413	1413
code1	35	20	0.048000	1414	1414
code1	35	20	0.405000	1415	1415
code1	35	20	0.055000	1416	1416
code1	35	20	0.742000	1417	1417
code1	35	20	0.009000	1418	1418
code1	35	20	1.650000	1419	1419
code1	35	20	0.000000	1420	1420
code1	35	20	0.002000	1421	1421
code1	35	20	0.313000	1422	1422
code1	35	20	0.248000	1423	1423
code1	35	20	0.006000	1424	1424
code1	35	20	0.236000	1425	1425
code1	35	20	0.183000	1426	1426
code1	35	20	0.005000	1427	1427
code1	35	20	0.003000	1428	1428
code1	35	20	0.072000	1429	1429
code1	35	20	0.005000	1430	1430
code1	35	30	0.379000	1501	1501
code1	35	30	9.031000	1502	1502
code1	35	30	0.522000	1503	1503
code1	35	30	0.173000	1504	1504
code1	35	30	1.900000	1505	1505
code1	35	30	6.712000	1506	1506
code1	35	30	2.007000	1507	1507
code1	35	30	0.111000	1508	1508
code1	35	30	2.890000	1509	1509
code1	35	30	1.487000	1510	1510
code1	35	30	9.159000	1511	1511
code1	35	30	0.026000	1512	1512
code1	35	30	1.253000	1513	1513
code1	35	30	0.768000	1514	1514
code1	35	30	0.647000	1515	1515
code1	35	30	0.115000	1516	1516
code1	35	30	1.339000	1517	1517
code1	35	30	6.586000	1518	1518
code1	35	30	1.469000	1519	1519
code1	35	30	34.930000	1520	1520
code1	35	30	0.056000	1521	1521
code1	35	30	0.019000	1522	1522
code1	35	30	0.082000	1523	1523
code1	35	30	55.274000	1524	1524
code1	35	30	0.055000	1525	1525
code1	35	30	0.129000	1526	1526
code1	35	30	0.020000	1527	1527
code1	35	30	0.028000	1528	1528
code1	35	30	138.723000	1529	1529
code1	35	30	1.096000	1530	1530
code1	35	40	130.813000	1601	1601
code1	35	40	2.802000	1602	1602
code1	35	40	10.807000	1603	1603
code1	35	40	0.593000	1604	1604
code1	35	40	3.648000	1605	1605
code1	35	40	29.535000	1606	1606
code1	35	40	6.703000	1607	1607
code1	35	40	20.133000	1608	1608
code1	35	40	1.311000	1609	1609
code1	35	40	50.403000	1610	1610
code1	35	40	1.828000	1611	1611
code1	35	40	113.203000	1612	1612
code1	35	40	0.259000	1613	1613
code1	35	40	0.654000	1614	1614
code1	35	40	17.318000	1615	1615
code1	35	40	2.692000	1616	1616
code1	35	40	0.059000	1617	1617
code1	35	40	2.488000	1618	1618
code1	35	40	32.489000	1619	1619
code1	35	40	37.107000	1620	1620
code1	35	40	106.310000	1621	1621
code1	35	40	4.010000	1622	1622
code1	35	40	411.170000	1623	1623
code1	35	40	55.816000	1624	1624
code1	35	40	7.914000	1625	1625
code1	35	40	707.788000	1626	1626
code1	35	40	0.022000	1627	1627
code1	35	40	7.161000	1628	1628
code1	35	40	12.106000	1629	1629
code1	35	40	15.016000	1630	1630
code1	40	20	1.716000	1701	1701
code1	40	20	0.283000	1702	1702
code1	40	20	1.298000	1703	1703
code1	40	20	1.139000	1704	1704
code1	40	20	14.650000	1705	1705
code1	40	20	2.767000	1706	1706
code1	40	20	15.886000	1707	1707
code1	40	20	38.349000	1708	1708
code1	40	20	5.008000	1709	1709
code1	40	20	0.126000	1710	1710
code1	40	20	8.973000	1711	1711
code1	40	20	3.904000	1712	1712
code1	40	20	0.181000	1713	1713
code1	40	20	6.153000	1714	1714
code1	40	20	16.534000	1715	1715
code1	40	20	0.634000	1716	1716
code1	40	20	19.769000	1717	1717
code1	40	20	0.105000	1718	1718
code1	40	20	6.499000	1719	1719
code1	40	20	0.926000	1720	1720
code1	40	20	0.019000	1721	1721
code1	40	20	0.857000	1722	1722
code1	40	20	3.150000	1723	1723
code1	40	20	1.096000	1724	1724
code1	40	20	0.121000	1725	1725
code1	40	20	0.026000	1726	1726
code1	40	20	0.158000	1727	1727
code1	40	20	53.281000	1728	1728
code1	40	20	0.468000	1729	1729
code1	40	20	0.410000	1730	1730
code1	40	30	16.523000	1801	1801
code1	40	30	1.141000	1802	1802
code1	40	30	31.863000	1803	1803
code1	40	30	5.847000	1804	1804
code1	40	30	0.135000	1805	1805
code1	40	30	0.732000	1806	1806
code1	40	30	17.585000	1807	1807
code1	40	30	2.584000	1808	1808
code1	40	30	95.799000	1809	1809
code1	40	30	5.407000	1810	1810
code1	40	30	26.489000	1811	1811
code1	40	30	2.655000	1812	1812
code1	40	30	37.810000	1813	1813
code1	40	30	44.918000	1814	1814
code1	40	30	0.104000	1815	1815
code1	40	30	1000.001000	1816	1816
code1	40	30	2.394000	1817	1817
code1	40	30	22.187000	1818	1818
code1	40	30	16.650000	1819	1819
code1	40	30	38.336000	1820	1820
code1	40	30	25.351000	1821	1821
code1	40	30	21.510000	1822	1822
code1	40	30	14.359000	1823	1823
code1	40	30	52.815000	1824	1824
code1	40	30	6.565000	1825	1825
code1	40	30	25.149000	1826	1826
code1	40	30	27.917000	1827	1827
code1	40	30	10.155000	1828	1828
code1	40	30	116.032000	1829	1829
code1	40	30	41.459000	1830	1830
code1	40	40	50.561000	1901	1901
code1	40	40	40.143000	1902	1902
code1	40	40	42.732000	1903	1903
code1	40	40	29.219000	1904	1904
code1	40	40	137.152000	1905	1905
code1	40	40	461.551000	1906	1906
code1	40	40	337.917000	1907	1907
code1	40	40	497.819000	1908	1908
code1	40	40	1000.001000	1909	1909
code1	40	40	15.342000	1910	1910
code1	40	40	239.603000	1911	1911
code1	40	40	150.866000	1912	1912
code1	40	40	1000.001000	1913	1913
code1	40	40	26.396000	1914	1914
code1	40	40	219.066000	1915	1915
code1	40	40	39.597000	1916	1916
code1	40	40	96.037000	1917	1917
code1	40	40	41.200000	1918	1918
code1	40	40	133.671000	1919	1919
code1	40	40	23.489000	1920	1920
code1	40	40	16.542000	1921	1921
code1	40	40	158.309000	1922	1922
code1	40	40	19.891000	1923	1923
code1	40	40	81.240000	1924	1924
code1	40	40	16.897000	1925	1925
code1	40	40	1000.001000	1926	1926
code1	40	40	80.629000	1927	1927
code1	40	40	176.299000	1928	1928
code1	40	40	77.179000	1929	1929
code1	40	40	72.358000	1930	1930
code2	30	20	0.002000	2101	2101
code2	30	20	0.002000	2102	2102
code2	30	20	0.000000	2103	2103
code2	30	20	0.001000	2104	2104
code2	30	20	0.003000	2105	2105
code2	30	20	0.002000	2106	2106
code2	30	20	0.001000	2107	2107
code2	30	20	0.019000	2108	2108
code2	30	20	0.012000	2109	2109
code2	30	20	0.851000	2110	2110
code2	30	20	0.003000	2111	2111
code2	30	20	0.000000	2112	2112
code2	30	20	0.343000	2113	2113
code2	30	20	0.001000	2114	2114
code2	30	20	0.017000	2115	2115
code2	30	20	0.010000	2116	2116
code2	30	20	0.001000	2117	2117
code2	30	20	0.149000	2118	2118
code2	30	20	0.001000	2119	2119
code2	30	20	0.012000	2120	2120
code2	30	20	0.000000	2121	2121
code2	30	20	0.057000	2122	2122
code2	30	20	0.001000	2123	2123
code2	30	20	0.011000	2124	2124
code2	30	20	0.001000	2125	2125
code2	30	20	0.001000	2126	2126
code2	30	20	0.000000	2127	2127
code2	30	20	0.000000	2128	2128
code2	30	20	0.001000	2129	2129
code2	30	20	0.001000	2130	2130
code2	30	30	0.132000	2201	2201
code2	30	30	0.001000	2202	2202
code2	30	30	0.041000	2203	2203
code2	30	30	0.007000	2204	2204
code2	30	30	0.591000	2205	2205
code2	30	30	0.005000	2206	2206
code2	30	30	0.037000	2207	2207
code2	30	30	0.003000	2208	2208
code2	30	30	0.046000	2209	2209
code2	30	30	0.095000	2210	2210
code2	30	30	0.007000	2211	2211
code2	30	30	0.090000	2212	2212
code2	30	30	0.012000	2213	2213
code2	30	30	0.004000	2214	2214
code2	30	30	0.008000	2215	2215
code2	30	30	0.003000	2216	2216
code2	30	30	0.605000	2217	2217
code2	30	30	0.626000	2218	2218
code2	30	30	5.904000	2219	2219
code2	30	30	0.002000	2220	2220
code2	30	30	0.027000	2221	2221
code2	30	30	0.011000	2222	2222
code2	30	30	0.168000	2223	2223
code2	30	30	0.255000	2224	2224
code2	30	30	0.016000	2225	2225
code2	30	30	0.032000	2226	2226
code2	30	30	0.012000	2227	2227
code2	30	30	0.002000	2228	2228
code2	30	30	0.002000	2229	2229
code2	30	30	0.115000	2230	2230
code2	30	40	2.974000	2301	2301
code2	30	40	0.089000	2302	2302
code2	30	40	0.004000	2303	2303
code2	30	40	0.131000	2304	2304
code2	30	40	97.637000	2305	2305
code2	30	40	0.012000	2306	2306
code2	30	40	8.205000	2307	2307
code2	30	40	0.070000	2308	2308
code2	30	40	0.016000	2309	2309
code2	30	40	0.006000	2310	2310
code2	30	40	3.216000	2311	2311
code2	30	40	0.011000	2312	2312
code2	30	40	0.011000	2313	2313
code2	30	40	0.217000	2314	2314
code2	30	40	0.055000	2315	2315
code2	30	40	0.442000	2316	2316
code2	30	40	0.118000	2317	2317
code2	30	40	0.111000	2318	2318
code2	30	40	0.660000	2319	2319
code2	30	40	0.012000	2320	2320
code2	30	40	0.055000	2321	2321
code2	30	40	22.771000	2322	2322
code2	30	40	0.371000	2323	2323
code2	30	40	4.684000	2324	2324
code2	30	40	0.282000	2325	2325
code2	30	40	107.162000	2326	2326
code2	30	40	0.056000	2327	2327
code2	30	40	0.274000	2328	2328
code2	30	40	0.314000	2329	2329
code2	30	40	0.190000	2330	2330
code2	35	20	0.540000	2401	2401
code2	35	20	2.706000	2402	2402
code2	35	20	0.418000	2403	2403
code2	35	20	0.006000	2404	2404
code2	35	20	0.096000	2405	2405
code2	35	20	0.199000	2406	2406
code2	35	20	6.781000	2407	2407
code2	35	20	0.938000	2408	2408
code2	35	20	0.000000	2409	2409
code2	35	20	0.001000	2410	2410
code2	35	20	0.682000	2411	2411
code2	35	20	0.084000	2412	2412
code2	35	20	0.060000	2413	2413
code2	35	20	0.002000	2414	2414
code2	35	20	0.012000	2415	2415
code2	35	20	0.199000	2416	2416
code2	35	20	0.001000	2417	2417
code2	35	20	1.192000	2418	2418
code2	35	20	20.881000	2419	2419
code2	35	20	0.023000	2420	2420
code2	35	20	7.090000	2421	2421
code2	35	20	0.021000	2422	2422
code2	35	20	0.005000	2423	2423
code2	35	20	0.001000	2424	2424
code2	35	20	0.001000	2425	2425
code2	35	20	0.066000	2426	2426
code2	35	20	0.006000	2427	2427
code2	35	20	0.022000	2428	2428
code2	35	20	0.988000	2429	2429
code2	35	20	0.005000	2430	2430
code2	35	30	0.906000	2501	2501
code2	35	30	0.004000	2502	2502
code2	35	30	2.051000	2503	2503
code2	35	30	4.914000	2504	2504
code2	35	30	0.370000	2505	2505
code2	35	30	0.004000	2506	2506
code2	35	30	2.563000	2507	2507
code2	35	30	0.044000	2508	2508
code2	35	30	1.114000	2509	2509
code2	35	30	86.500000	2510	2510
code2	35	30	0.023000	2511	2511
code2	35	30	0.002000	2512	2512
code2	35	30	0.010000	2513	2513
code2	35	30	0.006000	2514	2514
code2	35	30	0.002000	2515	2515
code2	35	30	1.696000	2516	2516
code2	35	30	0.013000	2517	2517
code2	35	30	3.839000	2518	2518
code2	35	30	55.948000	2519	2519
code2	35	30	0.467000	2520	2520
code2	35	30	3.205000	2521	2521
code2	35	30	0.201000	2522	2522
code2	35	30	2.205000	2523	2523
code2	35	30	5.009000	2524	2524
code2	35	30	1.461000	2525	2525
code2	35	30	0.009000	2526	2526
code2	35	30	6.741000	2527	2527
code2	35	30	13.219000	2528	2528
code2	35	30	25.277000	2529	2529
code2	35	30	0.010000	2530	2530
code2	35	40	0.684000	2601	2601
code2	35	40	44.396000	2602	2602
code2	35	40	5.632000	2603	2603
code2	35	40	0.045000	2604	2604
code2	35	40	0.088000	2605	2605
code2	35	40	0.739000	2606	2606
code2	35	40	8.222000	2607	2607
code2	35	40	5.124000	2608	2608
code2	35	40	8.364000	2609	2609
code2	35	40	185.219000	2610	2610
code2	35	40	77.441000	2611	2611
code2	35	40	11.840000	2612	2612
code2	35	40	1000.001000	2613	2613
code2	35	40	4.753000	2614	2614
code2	35	40	1.179000	2615	2615
code2	35	40	0.427000	2616	2616
code2	35	40	29.134000	2617	2617
code2	35	40	18.516000	2618	2618
code2	35	40	623.430000	2619	2619
code2	35	40	0.053000	2620	2620
code2	35	40	36.712000	2621	2621
code2	35	40	0.163000	2622	2622
code2	35	40	18.643000	2623	2623
code2	35	40	85.761000	2624	2624
code2	35	40	3.372000	2625	2625
code2	35	40	50.875000	2626	2626
code2	35	40	1.302000	2627	2627
code2	35	40	0.281000	2628	2628
code2	35	40	54.147000	2629	2629
code2	35	40	102.500000	2630	2630
code2	40	20	2.372000	2701	2701
code2	40	20	11.623000	2702	2702
code2	40	20	1.218000	2703	2703
code2	40	20	0.057000	2704	2704
code2	40	20	85.132000	2705	2705
code2	40	20	0.767000	2706	2706
code2	40	20	0.617000	2707	2707
code2	40	20	13.537000	2708	2708
code2	40	20	5.224000	2709	2709
code2	40	20	0.076000	2710	2710
code2	40	20	0.203000	2711	2711
code2	40	20	0.022000	2712	2712
code2	40	20	0.539000	2713	2713
code2	40	20	5.983000	2714	2714
code2	40	20	2.709000	2715	2715
code2	40	20	0.045000	2716	2716
code2	40	20	250.066000	2717	2717
code2	40	20	3.185000	2718	2718
code2	40	20	0.097000	2719	2719
code2	40	20	0.429000	2720	2720
code2	40	20	0.611000	2721	2721
code2	40	20	0.167000	2722	2722
code2	40	20	0.227000	2723	2723
code2	40	20	1.256000	2724	2724
code2	40	20	3.815000	2725	2725
code2	40	20	28.375000	2726	2726
code2	40	20	0.383000	2727	2727
code2	40	20	0.336000	2728	2728
code2	40	20	27.688000	2729	2729
code2	40	20	0.544000	2730	2730
code2	40	30	13.286000	2801	2801
code2	40	30	6.006000	2802	2802
code2	40	30	3.772000	2803	2803
code2	40	30	41.238000	2804	2804
code2	40	30	2.132000	2805	2805
code2	40	30	2.552000	2806	2806
code2	40	30	0.572000	2807	2807
code2	40	30	148.965000	2808	2808
code2	40	30	3.948000	2809	2809
code2	40	30	363.117000	2810	2810
code2	40	30	8.201000	2811	2811
code2	40	30	6.779000	2812	2812
code2	40	30	21.187000	2813	2813
code2	40	30	2.058000	2814	2814
code2	40	30	7.022000	2815	2815
code2	40	30	72.878000	2816	2816
code2	40	30	544.512000	2817	2817
code2	40	30	3.343000	2818	2818
code2	40	30	8.023000	2819	2819
code2	40	30	31.947000	2820	2820
code2	40	30	158.834000	2821	2821
code2	40	30	123.344000	2822	2822
code2	40	30	747.328000	2823	2823
code2	40	30	49.395000	2824	2824
code2	40	30	41.694000	2825	2825
code2	40	30	19.027000	2826	2826
code2	40	30	1.852000	2827	2827
code2	40	30	0.689000	2828	2828
code2	40	30	8.692000	2829	2829
code2	40	30	0.182000	2830	2830
code2	40	40	140.478000	2901	2901
code2	40	40	227.643000	2902	2902
code2	40	40	122.663000	2903	2903
code2	40	40	830.805000	2904	2904
code2	40	40	1000.001000	2905	2905
code2	40	40	105.374000	2906	2906
code2	40	40	120.585000	2907	2907
code2	40	40	2.100000	2908	2908
code2	40	40	81.513000	2909	2909
code2	40	40	30.798000	2910	2910
code2	40	40	527.860000	2911	2911
code2	40	40	287.255000	2912	2912
code2	40	40	111.280000	2913	2913
code2	40	40	5.523000	2914	2914
code2	40	40	17.655000	2915	2915
code2	40	40	726.570000	2916	2916
code2	40	40	1000.001000	2917	2917
code2	40	40	20.500000	2918	2918
code2	40	40	1.048000	2919	2919
code2	40	40	367.684000	2920	2920
code2	40	40	67.006000	2921	2921
code2	40	40	63.984000	2922	2922
code2	40	40	124.141000	2923	2923
code2	40	40	104.282000	2924	2924
code2	40	40	424.905000	2925	2925
code2	40	40	370.350000	2926	2926
code2	40	40	853.392000	2927	2927
code2	40	40	16.001000	2928	2928
code2	40	40	18.029000	2929	2929
code2	40	40	172.829000	2930	2930
